15
1000
76 61.45934210526318 27.185000000000006
96 158.4745833333333 89.15718750000002
10 245.06900000000005 30.901999999999997
31 279.563870967742 108.83258064516129
6 368.39410256410264 82.72897435897437
20 403.712 11.231
18 304.95500000000004 320.6227777777778
7 386.6457142857143 266.8542857142857
50 439.8378235294118 368.8487647058823
38 287.8344736842105 560.0815789473686
58 369.3284482758622 593.6194827586207
5 427.9320000000001 539.222
48 336.5416475095787 789.7668199233714
20 156.49049999999997 788.3415000000001
40 72.1265 902.09275

